-489313
878500
991574
-173558
-575502
637823
713132
-924939
-852140
-282063
85530
-531028
179284
-908406
-970746
309773
942841
922461
354230
562802
-623442
929551
-937849
461348
-991430
90077
-808035
-972180
-712340
955161
343169
-423515
104341
-663339
952984
629859
-373321
-561463
-851479
958196
-226512
696523
-375192
-395041
-205569
794756
205994
-454031
-858794
878027
914690
-895870
141644
-137044
961888
438812
880535
-387400
983874
803197
-874782
-831245
666394
-159420
437851
285931
-713780
5541
77995
485726
-615410
672236
659485
966008
-654782
-696420
278682
-528003
-327924
622043
744140
332825
-556829
-9311
-92335
-313294
-611514
-199045
452046
839541
-634636
-232369
187589
716456
-399453
-481816
11428
673715
-568379
-78548
-21331
40381
-827155
-539089
801302
476021
992112
263654
609024
64042
885772
396840
-955254
254555
-753855
-843011
596759
312901
923375
758139
-116870
811375
-524660
928926
19236
767704
64505
155494
3562
399598
478055
-130465
883073
-367744
762579
717177
-218201
519555
209663
804558
-302433
189422
331954
-484704
746419
298855
-505442
-732125
239185
667908
642836
177916
709442
-770619
283357
-601669
-209283
755621
514367
959659
-732323
435584
658678
649875
658646
245267
-188476
-729207
-716252
-874134
954460
-63822
282791
-280640
442113
760792
274994
-320491
155560
-95988
179845
-158382
-273529
-867016
-397659
252868
589034
-480375
232800
-423032
-335387
-914071
583030
462547
874218
150009
-713028
889188
429204
878619
-57856
-548150
529877
-874582
-373524
-756332
-356171
211542
-536758
-977409
-43609
307608
-485748
823715
-421833
305784
-521494
612995
-21752
734547
-660073
908926
-653542
-814354
-738026
5333
-727587
-422833
814810
633466
731119
317115
-288427
75982
-530040
657102
-848288
818171
874192
466834
-276599
384021
881301
-63883
-816886
-40334
-530912
-794953
-983102
-891032
130309
-497194
-450260
515941
-323535
-899282
-701880
-804115
766793
42691
-741319
638585
-965594
699638
-924737
257605
344658
193098
279114
552393
121205
566776
990150
76743
-385049
-71538
-162017
25817
-27512
-832764
-515264
895254
49350
-548831
40681
208087
569523
501245
230948
329227
69127
-282145
885915
489851
-885543
-720117
296039
469964
843325
-590702
-622148
-209795
-480334
705341
-872141
-349790
230219
448252
615127
340761
-365051
-657888
-279417
284379
838410
644021
-234105
-877297
-94336
-941140
-744393
809133
-184003
867025
243692
-694257
-161235
-713636
391819
-287954
527026
-362281
440325
-828320
558491
-939714
-804366
-572380
-676232
717767
-682301
-412099
926939
-804977
639052
446674
946907
-790317
-942401
-431853
-750126
41299
185662
-16814
-925359
805515
754021
685049
277345
837722
74529
-743587
344611
-550623
128909
562722
504749
-277496
-498533
-452414
-160632
648160
181415
-441303
460339
230913
880103
224214
-609154
184533
-322275
473564
-302996
27830
414470
158147
-579394
-505029
95540
-61670
357527
371169
-369641
613243
-286364
-543223
-484755
-215585
-755209
601720
884312
-897173
-355435
361957
306503
-256548
-321346
124677
-977914
22667
445928
-371935
485527
912538
-514070
-735149
-332639
299455
839690
296466
51672
-363770
-704170
613719
-443091
-588236
465687
238917
-621401
-960372
-714816
232297
462396
-223225
-60171
-809835
342462
-343183
-466111
-47856
933007
-859618
-254683
-857141
-225672
177567
393624
-99199
-167260
-377679
-946229
-976367
215059
-499236
-353916
-756474
251075
430337
358884
865574
958271
957842
211570
-274945
505088
332365
490128
-428984
-246699
601390
408015
703599
971991
48942
-296534
-45284
319623
-866026
-339555
-688941
761439
-713070
436805
843326
269596
-777441
-858484
-646960
272007
763953
-690807
-325306
115026
833095
774647
366892
-523328
-784514
-723667
-249853
-383854
-456873
650119
150967
645874
177313
-956549
-327314
871841
940316
404581
144189
-112640
-569072
845307
470589
167205
-496209
378128
-991299
-595648
556182
614977
-279391
979498
646687
-882402
859998
-916036
-937321
340374
-628597
-794042
-613559
-759909
-661995
184205
-875345
-745344
-876961
-205391
419140
-395649
-354684
862399
130037
-119990
-682764
-653834
979598
-859326
-963829
376235
-643736
-239349
-397142
-327975
-473969
555818
265082
-502765
-749599
497142
-227575
-977001
-853993
-928450
977731
546136
-629033
37952
-780170
-711317
-588017
723113
583507
-15217
998735
-657004
-158935
186935
-787615
-493793
-179935
-356800
166379
932370
-891231
-50951
-978131
-68954
504221
894707
477800
-497110
-272473
-597245
-712930
-454069
68723
-436590
42069
-703596
-47943
94588
455316
580354
503634
89217
149767
245756
682120
581496
682934
371486
-983425
244013
740012
726196
-399650
-33959
683106
13529
-859493
695567
979971
-518617
801877
-180478
-259124
241530
-915778
-935332
-692888
487250
-798863
144735
16030
-745049
337623
358335
477725
279136
-454441
25092
-143408
-16314
-669781
-959116
330472
-720450
696877
923632
-136869
115643
701170
456334
-603169
-766968
71385
411856
815737
-442782
14235
-449604
-46480
364536
-376400
30296
-837893
322124
488748
913094
-282242
191196
152595
-494494
669530
488603
-816592
-90448
-983415
-82798
-239147
222477
-621322
-683982
986058
135076
205907
82394
769271
-583087
447888
857075
438537
-663811
930292
636050
716177
625528
638463
412623
839716
-39621
-764655
-619563
-474715
689754
237032
425017
-102195
871659
-567073
840163
-864481
-673957
578351
-733311
-447328
-781545
-326564
-984205
993795
669642
-902826
769017
-218782
495482
-250341
149381
945780
-200044
-515010
592926
-513885
927507
-903083
71439
-27855
-862391
507958
186239
-297546
-402237
-716568
-572111
-534714
3392
890164
135844
-926746
185403
-205414
-819430
-793919
-552124
316191
-993371
874056
-515657
-847553
-763147
-90283
-63036
-656482
878417
137830
811569
75231
114757
-297542
-640597
-863640
-255583
415409
142697
705263
664454
94263
738094
252363
-75746
226514
117914
547581
-77498
-605482
748722
-665006
702069
-117560
-817646
-658893
519666
-661553
213723
730889
264494
-513231
-246704
-370076
809786
-836434
251481
-211459
-525667
-275944
-380881
-334244
498738
482245
-840630
5050
243200
898680
427931
549631
-784662
907150
151877
-633862
-971446
730476
786693
528605
-236659
999303
-180582
519699
48130
-431128
23181
356528
-634775
145805
-909798
-704384
-349299
-300761
-481026
-845769
961310
-64596
-395484
743776
383128
182010
87469
-506727
620552
570336
298912
874560
980254
898382
-850794
849597
-493854
-594071
-168574
-932880
340917
257330
-852468
-765287
-672580
953533
212914
52780
912999
200117
-504447
169718
462599
766501
297326
-594537
823736
663504
-993778
431484
479099
489977
330579
400782
575750
437175
763820
-955152
668979
172721
-77579
-928148
470395
242481
-881660
162072
126470
-564679
316453
-172541
-111985
25153
-103902
-36528
346046
-290906
320417
-234592
-158530
-546470
-598066
768390
721633
573088
811322
-206914
667122
-670332
-984215
346421
-565847
-913679
476539
270310
368947
754917
-98112
382746
700442
739324
-320809
-120718
772771
133291
-71162
901133
-406937
311089
622304
-543850
458211
-38519
795553
900459
-107392
423698
-149217
-248185
-35103
-95652
148642
-168616
-382241
-305280
951135
-718285
115366
-418210
395543
2638
546686
-312536
-77368
198669
-634955
-469777
-503561
240463
-519407
408675
-479450
440087
304083
492164
-168699
690167
-719888
-843881
-176206
-79563
-223793
387381
-730987
-166242
-242976
-703903
513188
-187147
-81760
-894296
-301365
-723527
299330
320380
-219183
425537
-431595
-749534
