687155
413094
-110530
-929863
-270225
793604
587851
269267
593423
944570
310277
-487461
446955
-970101
545358
-653256
-309928
104378
701072
-717586
-357649
435686
700863
589378
-771774
-335580
198270
-729239
326540
-759039
-626523
-338786
-635952
513828
569556
-444373
-427818
-466889
-72003
-637909
-403767
865563
-17785
-498075
356612
64547
568918
609919
-648133
100039
412032
-733700
245352
-422727
-742486
645321
-936149
254931
821711
-883433
-748160
304463
369738
-722690
420896
687698
359401
-122666
-201741
792915
-695229
-125608
621279
-400078
555946
-114154
-599311
830502
340994
-316709
919922
-496968
550765
-843245
-475270
697010
725920
-204326
-102764
962238
-794517
-862443
176106
-104369
584781
-155531
-940226
-884125
661650
355393
976051
-761790
-284430
-507651
757109
268276
-853729
574424
113692
972089
839086
872327
-388055
569756
-792770
-499026
638719
478796
921594
337462
361365
-772066
-595048
626079
870891
749379
45045
-432524
948055
170842
919987
641534
386514
-850249
-935765
-998446
728976
-392897
882076
781482
970524
-276942
546436
-516281
609002
389523
811469
-114227
-653315
494353
757594
-81631
575150
-484102
-52517
-311507
361520
425439
719241
-698950
839050
-911674
993780
-447932
269983
-75843
-886960
-349921
6736
-807140
-114424
15426
649721
-819409
381669
111634
-378021
-613014
-519105
347679
616915
-3881
378149
-627229
-688489
297678
-497038
638654
268222
-11744
-72343
226329
626277
-168113
-328950
-441745
952882
393796
-156384
428019
-497993
60886
534587
550450
476977
270339
-93043
617657
360756
-400207
674043
359578
-122956
639932
342917
374813
-826736
-601930
368942
937233
898909
465894
-298942
-325002
653458
143069
-284600
-578559
51144
418530
-518923
-408174
684450
525810
-220586
396110
-473196
728406
-866915
921273
-258575
-672758
-915309
34285
913785
251315
-807638
923345
-124230
-16808
-558444
-208652
-158708
392711
-402019
260760
573622
566032
807733
29449
-644155
475947
-33759
-518036
46208
349322
644497
287776
-557783
-358585
-926582
-407896
-306012
-56047
856825
211230
-103595
-907432
553193
-700131
509098
383489
313364
-186869
20385
475544
132083
-409216
216790
-698950
733547
148432
-659666
479020
107396
191297
911048
-463686
495394
248188
-386327
-860032
774133
236937
-820621
599486
484418
-889452
660034
-308015
588842
412471
-852652
13094
473280
-720388
-497377
-747578
-870497
398624
-110369
192185
-73565
-820498
-580961
830259
-903022
282533
-373911
10299
-694036
-971555
-84259
358534
46624
805601
799507
-988589
883092
119545
-480752
496880
-598447
364937
-729784
974278
586672
965827
357767
41422
-481654
-686337
393395
-442355
224581
-93961
-462220
188588
-49383
-525681
-719057
-636310
-34543
-631868
614281
-556943
131445
205077
-409971
-907289
449579
632485
104039
686436
-908751
-340072
40946
382154
-977433
649031
-502818
-595721
-567970
435663
722061
-471623
517056
-99203
249687
-857319
875389
-352472
965696
-609225
327942
546912
658124
991679
618090
-392511
3776
-2741
970481
-199478
-780567
607068
-78278
-756147
233832
-688156
921118
898992
46441
842535
222464
-922444
-385790
871606
283880
-84036
-156588
-955274
-898307
298724
-755890
-323268
199867
-142297
532027
-129683
-74947
-543941
862283
713571
-259010
-474111
801923
419935
227803
-453083
690280
-684705
70566
257283
807159
669998
684781
285668
-142760
868682
-470554
721550
-148404
466685
895147
881790
411453
789675
-440119
937157
456110
-588350
532290
-722516
141468
-775464
292300
-764715
-97318
388763
32153
421694
-801738
-622064
117165
-24933
952619
-354688
-292996
835686
133629
-977958
924372
11714
-172853
-913838
306288
-825174
-790292
342658
-683110
-281933
-111057
150384
580135
-407425
-315801
889657
837453
-872384
-88559
191145
-489204
68620
-6621
-482302
-737350
-438795
-33178
710726
-27611
-76871
-622800
-191055
21093
722069
-217470
690084
855646
74163
880594
782582
870976
163322
940732
-276918
-988519
653123
-14740
-745245
753099
-766146
870438
250052
-628723
-615016
165656
-187383
356579
-510430
-255086
560725
737326
-842436
932893
-946693
-311411
-973074
-684398
391063
623935
-356420
8829
-779958
974484
372984
-914896
-602413
-554196
-382710
19691
368787
-662115
316142
-968449
519097
322076
296802
-538238
-428575
906620
224335
-658305
292894
-881580
-46019
31216
-695292
962546
913954
446239
-501556
13296
972462
-432256
191730
-301028
-577596
227555
299713
-930178
-997204
-842305
754422
549245
766882
145170
-719499
120399
136307
-251860
-935311
-930567
-810692
-343729
-580880
-159570
546958
-899873
294685
690129
-855340
717713
902918
-983770
138901
-853368
755160
744309
-50883
-21843
-435630
-640835
408401
279381
-835064
-569079
790600
502192
-927774
806642
748431
138560
-676984
584920
-822310
-452077
992697
29637
-549414
-357084
6967
814065
127068
-955883
612997
-454232
-363576
-808321
740437
-423238
-664206
-631810
28106
206694
-102217
873564
67658
-978416
768496
777405
70633
-656400
585248
784269
-880176
-409026
484622
-414778
-241280
-306568
-949240
503028
978158
-716857
423259
710362
-349475
-958567
-513151
773901
682505
-197377
300303
313934
858808
567868
139472
42929
531069
172499
-134264
-793392
-833086
891397
181582
-234496
-210279
-673928
-707726
-712127
789650
-616877
-755890
-657352
493632
504885
-726911
802864
-691793
-482878
-936245
-506690
-112460
-14948
244350
-553752
118792
-285805
813686
334033
166054
787327
-265830
623460
-798663
-64049
716482
832021
-629100
706070
-868082
-710769
-68412
-982943
-267175
-902335
633378
618723
-954817
166688
-568929
482100
-319994
82789
-636983
423495
-251826
680591
-591765
4233
741158
-182630
126946
284512
-514901
-431553
734804
43438
738622
300314
-797211
-723653
612509
-793896
-848700
964715
-445637
769426
-874470
36887
-862000
-3461
-501854
-483671
659734
676792
-110327
963157
558295
78309
832218
305162
328427
221293
-931078
170189
296791
93576
-341080
984957
-634149
-124863
-523521
532729
-772680
618661
533024
-241148
-471009
177285
-984228
201077
321795
-73136
194253
-581017
-265381
-185964
484761
-904239
800768
-30435
-293187
-595053
-892377
240899
-541870
986050
783778
-781304
78728
-704508
-476880
-780253
110490
-233504
894199
-731965
-410639
182754
144232
639743
-400354
557786
-704738
433861
551642
-553122
805955
-658026
455770
-814043
232837
-20880
-726690
549142
280593
42542
-109958
-877240
-131366
306338
-12027
545804
774713
926872
555371
216493
-461345
-234601
-908208
705482
-614796
879039
472716
222158
-170666
132675
753280
644029
-620927
403629
-347660
-528841
-415585
673066
-407265
-741532
120493
-974143
116739
-44815
-578303
478389
-231330
-790540
844104
557716
453066
553999
278363
714678
649538
-294674
-747547
-585124
-341182
-244877
-961084
326439
-566605
397783
739938
-664635
-418035
-464372
-205482
863482
-208461
-737488
106607
932704
323182
880297
386957
224094
-9721
-499544
76956
-747038
228911
-64542
-798414
315915
435528
-518344
-72124
-958069
745553
893464
-188817
835349
606807
-798048
787460
-909948
703156
140475
-459084
153827
887769
-402344
-769938
-280260
-303687
136219
-664400
-173600
-330383
711762
233347
-837833
856101
-377734
422811
897832
-362107
-168351
73420
-845534
414024
-910027
-161319
760820
606040
-789546
-183672
-42767
262285
-119892
-523089
-965960
86486
160646
-659012
670166
-791804
498208
159725
-45921
661961
941779
-149069
923685
-279153
588142
829444
365086
328792
-531952
195440
-195168
-752166
823233
695379
-551923
-294385
708178
-996390
