349676 127385 -911170 -336267 -553567 -958249 -300888 -888778 865592 -475353 615900 772932 -991111 441856 9177 -849319 -260982 -270403 253944 -226986 -31710 988286 912883 -558167 -169249 -981597 35798 -912027 -925507 426257 -357319 -922494 -136574 318062 764489 -976787 -185648 -270457 -313966 -523243 904746 544484 628910 16335 703676 -294258 -223449 107415 -342504 194376 423696 -254685 -110255 59926 -716510 -473458 -281116 37652 -651461 943322 980275 -672552 888507 -185195 949339 -489208 -514045
217435 -73194 193531 -254040 -7359 -385831 -916582 -333228 -696200 590319 393395 538739 657100 -138503 -367875 -999478 -978319 -589394 180775 -535276 -872751 906691 -907759 817080 236655 54411 -150473 236974 107658 347634 910774 202095 874345 -806321 -542664 -991222 199100 -452491 763128 662619 119613 411322 -997138 720262 632756 -831750 91205 193244 -261154 -947824 256852 622133 -338561 -972201 -292329 317090 737895 -592611 144904 -355528 -946448 -393609 482346 636963 61887 603630 345756
-247029 953504 72747 820020 564489 -200584 -510673 759876 113568 209819 656041 271084 443845 54975 -964292 198268 -945572 879816 598445 643535 72726 -129889 869984 25455 718361 -660859 455308 158711 -835096 950761 -239106 -805721 191393 60798 422210 -157802 -614056 973973 -664853 -440651 -896476 467561 -109967 -963945 -274482 -883588 960770 -998735 -69839 -810690 -108881 512240 493190 -754749 22925 -415771 -649958 705469 -612057 -8086 -891886 -455864 923880 -763512 -67027 -668701 418212
-871770 -657513 -541211 -76721 -260058 -154040 139028 -95294 -154700 -363763 -882509 -218952 215944 -660344 -82755 523591 -42076 -821244 -735357 -168028 -81238 -684274 745258 403772 412364 -636076 -49034 106831 -49682 352197 -980019 240553 867631 -860461 495204 800261 -675627 -212164 -331986 371493 -339594 626244 -806329 596578 -253576 -913942 -138422 454592 56274 175818 661777 16843 -595220 991961 2582 963822 274947 640 828158 -78888 624933 -264690 989400 -686664 541254 -155581 -904313
485917 -162990 542587 -362207 -762622 -855737 163829 156727 -424344 -990806 525880 223388 -952384 -788716 326864 -889864 615225 -371895 -432477 417966 -878016 -217977 -428935 23555 811165 403799 868367 -947636 93678 -589044 88975 -811382 -251911 -405447 -927370 -860776 -679233 41993 400135 87084 740700 -298514 365375 -976973 -829011 806209 595144 448909 188556 -559897 843963 -482405 -216764 -950856 -609784 813401 -242536 -503644 682819 -547881 86144 5394 944785 -184287 -643851 -631132 214168
-835511 17992 -579580 926578 69695 -952583 917567 -908950 -719676 415650 -569665 -297848 956722 745405 -267428 298715 -768363 362479 -624810 112408 -336282 -999924 35457 43202 -193772 914092 930498 565956 722807 -419735 -260369 523813 -137947 28025 -773395 -480312 -696907 838085 -287338 -126975 -430343 -577805 343702 -351174 673777 -322432 -503583 675626 477856 147088 -152306 -416474 -264501 -739315 511071 239534 -606912 673501 -185982 -496606 270606 -922337 480523 -236136 505990 619524 532734
479308 484685 652737 -631711 379561 -663605 -12227 171701 -561489 823988 822051 -690946 942055 765403 609294 -869775 360688 245077 -626835 -55657 -205586 644613 286073 -646315 -604489 326337 610251 389045 -657348 960917 705377 -238391 754840 788390 -706794 846579 899080 -783016 -804916 110435 169376 -678417 211701 1934 -284279 -267136 -501265 -918505 -471471 709988 844044 743221 -672975 -40790 739531 -391363 -453375 -941615 69810 221876 -727964 553818 535580 -250866 -327862 224156 483035
226729 -761098 552389 484629 339833 -8206 -532922 -28425 -48658 -737858 -589485 337786 -123712 -361728 -17984 432745 -923908 -370078 912242 -372437 -304507 -557946 796907 918632 67360 -174880 -839625 -156399 -781174 -350818 553951 113936 -364059 442755 173701 831562 214576 -126848 751302 54650 -882995 -637430 -120935 869056 864937 790977 -499127 43882 -463301 -174210 -730601 -746106 815688 -118211 355598 -82805 251109 -931194 -549804 101192 -693541 -82036 986993 -922561 460536 861014 398987
251108 9132 3053 707968 -587166 -315281 -67452 -703242 -355561 -673247 -429997 112170 892372 -652282 -409904 -341070 112579 277225 -311437 78416 84825 773926 955555 245871 -538717 376076 393414 -478361 -507211 -761482 -349327 -15017 503099 597010 80267 802957 946321 342537 -525046 -436609 235652 915085 -427552 163266 -229172 -118318 -897464 -43300 823991 970355 -893598 92139 -76673 -210147 151990 161881 -326015 769968 -649150 -196955 -243016 463207 -271659 980316 425564 830602 -714464
473517 21288 849217 -464565 -413359 -946763 -251501 -147662 -191740 703231 -262895 -397852 -197496 975263 -707697 209268 506084 224286 76847 -228736 -383400 871850 944344 730229 584506 -548368 929559 -200375 892916 -388390 -881771 -143761 -588012 997612 -163569 411473 -628388 -412085 239949 172630 -579740 510033 -38291 817761 -117459 -227830 638207 755414 226078 294328 381263 -974154 626448 51179 17283 191386 929711 100699 -268786 -342762 -120106 157846 523607 -217555 603386 -242726 -95963
436548 -448129 -125095 799458 -54227 570976 912337 770769 -347195 -700867 653390 -184387 -421137 615890 788178 -112242 977020 395613 178180 -713584 615132 287880 923347 -828995 -883279 -5020 -997557 329698 -307722 -527525 453798 574841 -343514 -135514 -320073 -578854 -284138 -934175 685470 -956792 780157 789730 868682 9244 -285643 262714 937932 916041 524213 -867011 -476833 -39245 244997 -646635 477398 -86097 -115275 -368459 -342739 355084 -638345 191763 456162 205071 873962 836614 552663
144458 -189991 722800 -255919 329823 -237389 -646406 -869986 -773141 -44597 108588 162691 526263 301799 -767252 32959 143381 -561130 156688 428777 441367 -863755 990723 980073 52964 931305 -370440 121170 21692 -825618 -776108 -706683 285332 -499470 -758783 470629 -590954 -628360 89743 -464851 559476 201170 808256 728478 -76973 487123 -3785 -111411 -619942 -943085 558422 -436138 587499 -405523 -703899 -564491 -991853 -822397 624088 576757 -122211 -810440 -441306 82626 -637635 -946457 350098
-514212 903118 801536 -569181 240703 -283807 -600626 -289137 -294038 620655 979493 538350 644955 -84636 810102 591846 508682 754055 216751 728438 -67320 245500 -481522 -193156 184663 -35019 399617 -685663 735268 916365 -239565 277968 928123 575473 -44092 -392910 474938 -79988 -319985 -563797 -828665 950768 -22296 -567968 825833 30669 717806 144994 -510512 790839 310978 718929 359118 -400136 844000 -589299 586977 124650 -795241 12582 -253522 123148 712781 -437630 -273465 350596 256308
-545418 621630 -966217 -320192 383418 456668 -506082 -314915 -938313 -467426 446772 -388540 -832379 -187849 -267317 -6685 -325731 -51580 587080 -97671 930426 -786697 -64852 -664088 832493 885657 -211091 997521 411793 -513660 -225977 645374 -871908 -121078 172503 828609 -717871 -387185 96127 396744 701522 365112 -37217 -275859 87055 310714 -797406 -833443 -403043 -246691 686403 894309 535547 -22694 784778 262179 428791 805573 -438227 -265552 570812 -334907 -618030 -994755 -315966 315675 147413
453734 298670 611911 931868 267261 748655 -271261 448186 770108 389748 -259000 -257106 -555040 788269 563281 436566 558020 -61794 734753 607899 665503 5465 -678602 349923 308500 579506 963742 -565267 775915 -171989 576861 -902442 805221 308331 905940 -365858 689062 -517703 -390786 137068 460449 565504 123692 -442703 838843 -376027 587403 -128139 -349709 -754338 -71474 347259 541002 220839 85055 -639883 -12857 -686008 -61722 -430250 562891 -876869 748232 -31475 527510 -740887 -224223
-264954 -436055 -62177 -484839 -578963 -2164 918052 946843 877163 -514101 -427917 -185154 172884 -111928 232276 -376939 -446715 727387 -417000 -795671 -373526 972945 698812 901345 827412 397968 -886666 13328 -445763 614559 -379832 -97634 -334095 -56408 563642 489809 -648009 669761 524671 -886822 -205179 61631 115224 -543316 -982094 541061 -153867 316898 -38586 -530423 -514768 -748158 -639893 998243 -516600 -310973 528184 -120086 249360 964123 899008 542772 783312 -712760 -322791 -22974 623578
210626 -468678 -714818 -84324 767218 216716 424981 -649861 681224 -793009 -517126 877912 56834 -603326 -471650 502247 -42295 998580 -689746 967531 637361 -918267 999918 628794 384493 -74009 -951515 439200 -420816 -161317 -844822 -689205 -608300 146379 -608329 655239 -952209 -887260 324251 -751080 -790833 377393 -428180 994580 327670 -554587 -379298 914518 -329831 658561 -555979 527976 722957 -321122 -121744 -662923 -329152 628321 2337 -901338 566168 -29985 -910084 -584237 407011 469439 -38808
-74280 225764 -307853 233895 45033 918667 472685 857067 593943 -745375 675342 328805 806239 -751240 -227510 26829 990577 222428 -324787 -853897 851092 224234 398873 -616603 -906639 -978431 718289 638124 791426 -372736 -281881 -363850 208006 863932 423081 -112270 -532025 50709 632202 455899 425109 -871602 -250858 -880306 175677 -133361 -288342 358294 -101401 672879 695956 242859 -610625 225107 12967 41992 -478916 -440745 320737 531424 -390961 -196107 169976 -357928 281724 273743 408585
-565687 -728490 866175 -82295 -476795 -497084 377178 30714 -857169 656594 677623 973248 -652838 832369 649221 -758695 -939472 -275036 476361 -355806 -861424 -67564 618170 -30864 -635363 176600 -713208 89432 -517975 -866088 -576373 849865 -27576 490573 -843857 722845 241343 -338910 -722410 250311 -346279 576138 811878 -657322 -489024 884517 -261165 -960191 489133 -441968 -827740 -46102 166124 288738 395084 617100 326465 -376944 471841 -349476 353610 -850431 -899574 549978 -936828 997483 -522351
-724993 607918 -279304 271442 861917 866955 264331 -158702 117217 211924 -175342 -552550 -726095 -286158 505571 729515 933916 781815 262097 645792 678783 932379 866045 968324 837497 949744 -13512 -675132 844092 -704744 336416 645321 -111007 -483262 441547 -705335 -119568 836161 75589 -502268 -311003 -262854 625276 967840 166116 -141435 473751 19325 258240 -923648 315346 119821 -982861 98752 553967 -601048 675212 242716 519731 -920836 -885549 622647 10338 482824 -347431 546305 44887
771720 954737 -571114 -313759 -214872 240927 -439820 390956 -66678 733261 953599 -286663 -601351 862466 622182 738385 -422344 -684568 -208279 604 385450 -816179 380585 -491690 -714294 547825 -740584 -867158 -604389 -633471 -555890 -944898 38600 781699 -694009 866331 475628 -908594 898464 -179129 -970829 490715 -737130 830106 -482692 -298619 889237 -827920 795420 826259 -942198 -7898 -891196 -685622 78373 -913654 -672705 -685114 906871 359054 -31739 42695 426873 -960874 -453351 517117 484344
426644 -10359 -788854 -313911 582678 295397 -355558 865220 637682 493514 650264 822457 -645142 447386 -743755 -711162 -545397 888244 -113668 560939 -467737 -121211 578561 496554 711794 -814417 -768259 -305362 -416771 697450 423414 -200600 11741 -258782 213859 584995 -542525 90857 -878484 556724 -589913 747807 654037 789615 417229 -179131 -187707 -819585 -104850 347388 320490 655327 -416545 -390336 -557717 -131289 -210782 802414 77708 160206 202003 -422755 194424 539550 982804 177971 22374
760939 988899 459343 -898066 -933943 873670 552430 806067 -56324 567651 814708 -460045 298077 -86187 572146 795977 -320530 -796033 103317 -770409 430388 965633 -917988 579712 -169303 -487260 970596 474111 362363 -749012 895231 878999 -628065 659891 424480 -912801 507412 -877404 965183 -20844 -609584 261561 -259995 369109 -508032 -65597 40046 458912 28233 587278 -323439 909028 579686 -448109 -118901 196693 215909 -214533 910547 497417 -170449 726947 191957 980282 29820 -41679 347723
-888831 -379824 248610 -430563 -761381 668043 -245972 939733 -245949 -546562 -363303 -349902 642052 -960263 -371892 -942585 -846325 912931 16927 -772304 -188513 908489 442916 677021 -680079 -467990 189845 -853169 891611 337988 -234203 -252318 907029 926034 648450 -621098 -970848 -799998 66602 132232 -779654 119380 265882 128528 590983 608351 -362126 -790092 271710 721370 -10730 471204 313686 -272631 504221 -65410 -959780 9784 -209941 969725 708374 373183 574839 -158213 -702849 113371 291896
-752339 622256 -937813 -837256 296507 -69666 520935 207245 999746 917637 -274785 832702 466792 -929286 -818682 -925684 348440 -910503 -579206 -863412 69758 -826257 -909982 -982569 -318794 897855 833745 356135 198255 388125 -86701 -454806 -868613 -63530 -631304 -163226 -401464 707662 80403 -845688 171703 -329704 43080 750744 -379322 -552109 514795 -50943 -782284 162545 123731 -704525 -330822 -580981 -996116 -65347 -265599 11235 -94770 699527 -740101 -106586 452898 -573318 -332817 -969211 726563
65205 70706 467195 332887 -697481 569031 949105 -621797 958753 923277 -215757 -776000 -141525 9080 -458826 8612 -118853 -978634 306273 687194 -436544 -933325 -17944 -301367 405735 198982 -97894 418700 -574822 883772 724690 701466 767347 132499 967969 709835 -458452 -519446 440106 -284155 129698 -792673 -845720 358000 -653013 585485 604087 -579174 -923015 -231885 -642411 -877691 182671 -567437 -202944 -635003 -731530 -842392 -851010 -42792 990659 717891 -293496 -403694 797486 -380636 365179
888930 -660528 71158 -434732 953300 826423 902502 606751 679964 20715 -695909 864070 -796378 -779257 597491 480757 539199 83851 -797287 933592 347041 -127338 -791 107105 618544 -934126 -424336 -678492 -942107 -134684 897327 -218451 86050 -358158 837048 914769 -558955 167813 -323471 170465 -573301 -617640 799826 633154 200876 931810 648009 371 946902 352267 -665906 -557163 -409574 52453 150615 220435 860873 -941584 -717405 -420854 -513606 -90897 -746230 748433 162379 -838308 -908459
454040 -547345 -485456 -76131 968483 127440 361572 -19892 1561 -535449 -456691 -183779 -606700 -170456 897159 683828 -853779 70740 -654847 173831 -842396 -535462 555015 465398 322869 103207 68474 323073 59728 -603264 237311 -906703 -443801 -605232 654557 205644 774356 -524985 41111 -945305 443609 -500572 -706258 516223 -30053 893869 -7119 736779 -255824 582726 816363 890478 35816 354699 -310560 -540605 -110124 -445184 -419482 -691602 925599 -176701 -425533 264047 -753747 -508953 -928577
-87829 -316639 -311443 944424 674066 47137 -620968 -397745 -320722 512883 609358 816947 -287780 -332095 -46591 -657350 -581931 834799 -977751 -751675 -170677 57514 -991817 -689841 -540296 592352 587394 -812885 -343536 284059 576011 -375109 -264554 -270213 238507 -793300 -489661 556998 -749889 -539092 -65323 -987633 846374 434986 380097 822437 528233 -877714 -225840 -438915 -325606 619766 665213 -870527 270777 696950 -791490 434330 -305906 -741472 -355525 -551260 -42081 -154989 183348 614540 -704164
-464486 502909 360778 894995 629207 -947865 -48260 -694511 937534 -570936 413214 -306127 229894 248949 -851459 -841208 753291 -880786 -680198 -442502 -405806 -798479 83169 -202753 658242 348900 -666830 260081 -787499 -139546 592681 -536496 495146 -195654 909893 -409913 -131999 -581673 129122 -225432 92825 353147 -89515 306600 366842 643001 -796049 -298188 -563044 198123 -543208 -286104 725679 266175 -304338 404793 498181 -570742 849110 -907925 -74127 257048 82720 -840713 170718 377690 -795386
-673539 -589835 635006 -148961 846689 -935596 293933 -660583 -45425 732904 230912 -456239 605420 925951 -88202 -991594 869403 -974215 462711 25665 -843381 848092 -525074 104967 782203 -756866 416214 -639914 781140 -517153 -436281 -193248 566963 -457146 602062 -282950 -269477 275289 -134307 -884835 -499707 -538464 -393152 -779723 756915 -168496 -10458 -553985 823290 -498751 972424 -583137 395290 -399564 204655 712705 -395231 -408665 -387965 816188 705549 -369973 -32739 658110 375991 699183 5996
673712 914874 358912 95680 95819 141673 -35618 -598520 506176 -222272 -153656 846370 -225394 816252 126073 692566 -702143 -512375 138655 -64331 523579 -146051 -846921 -153730 -197711 77148 834538 943382 505786 -914839 29007 -210637 821670 -273557 802091 -729928 -133131 -778769 27748 448448 299675 -100682 -564875 938105 -355595 -32845 -143131 467720 -911814 84799 -453802 -273765 -370420 -101737 -186141 629286 155780 -768048 -405374 -175569 56541 -442648 -784564 376523 241270 -583685 -288077
